pattern_len = 5; net_len = 10; 
74581
466354
112781
14962
17498
121309
40431
610606
2152
17900
27144
4681
144
10464
48213
8502
1052
5504
325
27879
165
49019
277
1108
615
12639
20644
3811
784
432
2256
3338
417
12595
15
11938
45309
15539
1581
4566
137290
68249
5891
16251
49893
37978
887
13
282
14195
3845
1726
2037
93668
51644
20725
21075
9818
1680
378
14682
533
2998
5675
78388
1113
22678
2718
37483
15694
762
20306
47
2694
45018
77
1901
3518
21712
8124
5252
165766
91
208973
39760
111
369424
261687
23751
11066
520941
2875
1622
6030
38024
37500
125622
41146
1208
39275
33
30111
58594
31
40462
950
7058
262109
1050
13499
12648
7
310178
35987
86824
57911
27852
6004
24455
87718
29150
3732
35352
2618
106202
5
583
1160
12256
71
57676
56
7919
112108
150946
27735
103820
187
60250
33343
15795
701003
15972
946
196
5430
20341
43767
303
81
82957
38146
3227
1081
83318
136
217328
1872
25312
141
732
43844
115
3440
49482
5950
2830
365
75303
41581
17353
34
358
9229
2854
31043
324
60216
120
24971
91
130042
27465
6035
40424
23697
42774
2333
265
139
918
796
14504
5103
229747
180
1316
765
38558
288680
1549
160
744147
4281
3198
3035
2435
7378
276
2702
59911
59700
420
10308
205
431
157710
6860
23533
2222
14275
4821
54397
61
171
17929
1397
27278
67317
363425
5721
1621716
2274
14352
205372
169352
7371
1694
3663
207450
720683
271
9748
2330
60792
328700
8220
266
1668
1911
1490
1163447
15439
27303
1109
252
107607
130494
15899
42398
21959
90015
6515
350
63588
5123
4036
10764
810103
1089671
48881
3153
1764
215
489
956
86994
71357
2392
291904
132121
7583
263
1306
18728
14492
92171
12689
107462
210610
88987
119740
39723
58346
764
120749
676
34
67
10738
172227
6723
2285
201577
3599
19317
66634
149651
2863
168007
3903
45019
13131
7643
26
1173
931
136067
2419
8107
5518
199770
26693
10044
253
2186
1632
11
53216
10389
1440
1098
565510
3675
9735
93
60371
1624
2301
6059
274768
114182
15500
1075
7200
5114
14013
191
68018
19675
1300
20684
251222
4847
3949
1119
3310
49558
19751
1293
19
218
3129
294912
10021
117986
18064
21536
298875
1599
9
1756
78611
1666
24684
218
2180
4135
28
167
429
106223
1015
4584
212
1475
56359
49318
826
102349
21372
68686
40
1265
1900
3049
53
2302
38
280
8
687
70376
92
2014
34
887
26419
300968
1943
127039
5946
1142
935
92
122186
3558
21723
126089
13108
36425
86421
402
37784
17403
815
14800
17949
70
24356
73396
304
7085
175
370114
564
160701
551
1067
112103
657
408
924
2594
7
47551
5181
13410
65380
44909
6883
446
78270
7009
53704
8357
44641
710
1964
7846
25903
4763
129581
130450
201512
4607
983
59
12984
1151
67531
119
1992
5179
959
15702
127
5801
491
7207
51125
8615
4478
24488
14475
9600
5
1577
3
516
21050
28774
5027
408159
9
37118
4
1222
2350
297759
307
39718
171336
962
126
49
71
180
1037
4236
28745
13431
2040
25236
320267
34959
3184
866
16654
18713
269
7
12
57
4027
18451
241676
10905
4463
1498
3139
8542
295
84444
297
487450
11
16950
76029
20203
2
23001
109
4492
29111
465
51967
960
1154
1666
68337
732
78922
973
35034
27404
10
2719
2
48678
2067
11486
3698
429212
56
156373
320139
3
81372
45217
15
38527
21279
5510
527400
4820
155
75415
8261
75
27223
244
5709
170
2718
2737
60
3105
381
669
626
9072
90
550293
8849
415
623
182950
950565
3694
29197
1503
479
39120
154883
47038
1476
349455
16242
2683
81
388436
1252
626
76170
198345
11443
353
5
19313
30456
67326
965908
11793
9892
91364
520361
581
6682
8422
505
51999
1092
682
79976
4490
2580
2947
91745
209403
2190
5549
9888
70867
12
191497
756
22491
586
381
210341
74
149
4646
861
734
1108
100
7758
43565
2285
34
32
9162
13328
12771
316
2350
654115
2584
42274
406701
102990
1446
13361
3627
44919
2469
19324
109566
482
28881
5091
5092
10386
44393
4974
810
5
4023
3563
84
25739
118
2063
2777597
41864
1409
67943
41174
8690
311624
61814
3963
17703
47730
150522
37
10370
79
142215
144930
7956
90329
80
5681
58473
7624
279039
2473
1794
95553
162
783
11454
20530
85095
123480
751981
488
1181
19739
143532
8274
27582
1120
2347
21107
42
20979
181910
1855
93519
20001
8323
336
4678
478
589
112774
48455
234
24244
8127
206595
12066
463750
282856
63351
41625
241
196974
131763
2215
3633
46635
5860
2293
22376
309
432621
5114
103985
880
966
76
1190
15492
565
1162
4220
128884
8717
32996
22544
2490
286509
6
124258
16705
58558
1128
85518
1050
913859
8972
139969
9431
24091
924
40275
389960
750
119
30
2241
83580
9338
45
4866
7394
52895
12
7663
74
1375
47
80461
36909
95396
9795
8788
4796
32080
48887
1087
532
54863
73
52103
6682
4417
56885
28375
64442
5271
11
4750
32071
180921
48
1603
31655
58161
7
1004
47186
3
359919
933
16316
21
2949
19814
9
205966
256554
111
4
355138
497
371891
46792
2306
673
1975
49697
1900
8641
3
1053
13334
188958
5
4400
24115
4
6957
2596
42133
7796
28576
109240
79
202498
58699
32244
22919
8633
206141
94922
15268
28
11954
191751
16636
699995
339
77
3620
1579
124813
12087
59041
19439
16
14902
24
12993
11
38
3599
4119
2875
1923
2524
136
1362
492963
132
6158
23679
3622
3897
40368
40576
7519
89738
8674
4644
167
14
1050
1672
5210
8537
16925
344
6317
108156
17
512
563
6241
3516
60392
9069
30495
22873
27674
5317
88811
187
16901
497
34286
10226
101041
81
2310
103255
16275
3979
6
346974
153087
95042
852742
320789
9852
36797
1150
2449
154821
339721
14606
4015
12751
362
40431
2081
64699
56357
167171
1368
122167
2832
10452
232881
18775
7328
207845
3620
2645
2049
11028
2111
1121
11028
372
end
pattern_len = 5; net_len = 15; 
922375
