pattern_len = 8; net_len = 15; 
6255
1637
4
2389
5
428
24
27833
12378
12
4
23
4
23
51
24
41
17
1921
34
1401
1437
26
4
27
13947
5
19
769
172
14
1003
27
15147
93
2517
23
4
22
13825
5
47
4
6
4
5
84
5
33
27
5
640
1828
13961
1440
4
4
4
1634
24
6
49038
48
70
31
19
25
50
42
4
34
5
23
5
22
24
6
24
22
35
13674
27
5
22
77
4
6
6
1066
285
21
4
21
30
4207
45
34
243
30039
24196
22
4
42
18
5
4
26
4
26
8019
10085
19
18
5
23
12791
4
4
22
4
22
4
4
23
23
11769
4
5
21
467
64
14057
5
20
35279
7
31
27
2994
26
7
20
5389
4
4
11192
128
104265
5
65
23
5
5
27
425
1580
19
4
39
11910
6
6
26
1143
26
133
35
3317
303
33
5
26
4
23
247
102
100
4136
24
24
24
27
5798
3577
921
22
5
26
19
24
9140
25
14137
33
656
25
208
23
1324
37
3806
84
6
21
31
15077
23
48
26
6170
4
25
114
29
56
25
5
15857
20
27
21
30
32
25
30
5
5
24
6
27
797
5
5
10434
14091
23
23
4
4
1878
31
82
16133
991
4
4
25
442
1087
27
38
6
5
24
7
2219
101
13741
5086
30
24
52
28
5
28
4
5
4
26
4
29
25
4
5
1789
67
33
13928
24
25
281
17
25
122
1237
63
5
10016
2451
41
5
5
27
30
20
26
135
6
99
21
26
4
1325
3237
33
122
44
5628
4
19
13771
22
147
27
24
22
48
435
24
5
123
25
39
4882
5
13698
29
33
5
19
4
5
4
1173
14003
22
5
20
24
20
302282
1447
14572
4
4
208
30
24
5
178
33
22
4
33
4
4
25
25
26
22
19
24
707
23
4
25
4
26
26
5
272
4075
10929
22
22
553
5
1735
21
19
41369
24
14342
6
48
757
14248
23
4
4
4
4
19
17
25
5
28
13773
29
18
173
4
23
5
26
110
4
25
25
26
23
5
10733
7302
59
23
24
23
298
460
5
5
5
27
26
14102
239
39
31
905
22
6291
25
4
18
5
5008
31
8440
54
23
5
5
19
24
19
21
5
5
14
853
131
6
46
6974
5
100
21
7
4
36841
16
17
10596
4
30
6030
13748
12937
1096
2289
23
2898
4
13500
5
22
17
22
1432
30
36
36
1438
729
13805
15
25
4
4
1736
29
23
22
30
11169
11576
25
25
4
20
4
24
7737
286
714
734
20
18
5
4
22
5
5
14370
27
40
30
6
24
22
26
22
4
22
19
26
652
4056
19
5
3184
39
509
25
27
7
32
63
13809
4
5
4
23
8706
4844
2529
14207
5
49
92
77
85
140
20
32
158
5
13035
4
50
29
39
65
7
41
13906
5354
621
24
949
2324
13523
4
458
13597
13800
19
13310
24
35
4
6
5
39
6
673
5
13807
74
25
26
4
27
22
21
25
19
5
1306
2982
37
4
28
25
76154
4
5
162
6690
1400
186
351
36
28
24
34
4
33
363
26
1982
9436
5
4
4
213
5
26
1235
5
23580
13833
23
28
4
14133
33
23
36
27
102
4
12550
28
30
695
36
5
26
2827
26
5417
29
4
10266
13859
18595
3088
5
18
4
26
4079
2730
29
5
5133
7386
4
19
25
5648
16080
5
3997
24
27
25
6
25
3862
25
26
4268
20
4
4
286
26
4
8757
26
10493
27
4
8211
835
5367
4
15
17
28
17063
263
21
22
4
26
1073
4
22
17801
1223
12
85
11966
104
4
23
23
22
15097
24
25
21
12604
2005
4
22
6624
16
9
28
74
27
6
31
18
13925
13821
2137
19
49
6
807
141
5
4
17
4
5103
30
24
29
20
486
26
25
44
685088
8
29
4530
30
10892
22598
38
5
27
6
25
21
4
4
18231
20449
2333
186876
1444
13787
23
40
33
11678
30
51
13512
26
25
4
4012
28
29
111
29
13166
5
1492
5946
30
29
28
24
19032
2633
3152
4
4
20
5
24
18
163
4
159
5
25
23
4
426
5
14
3578
2988
525
10281
453
12642
25
23
28
7
1208
4
4
1821
3753
4
5062
5
5
48
21
4
24
4
420
27
24
32
4
5
12431
40
5
97
20
25
25
5
6570
2928
193
5188
1358
5
114
5
67
20
24
616
31
6323
5
125
24
5
14650
590
5
10689
23
13833
24
2301
22
5
4
9923
32
5
7
5
21
21
22
4
5
25
4
20
25
24
969
27
1790
665
4
4
5
7137
4
24
24
20
27
15531
26
5
5
1229
26
18
23
5
13692
5
5
866
8628
16
595
4
5
1578
14045
22
46
325041
25
4
5
5
24
23
58
1869
35
22
41
2106
36
4651
17
4
23
4
18
136060
23
25465
238
4
14124
25
9925
12354
7118
5
29
28
1246
33
50
14105
21362
25
26
23
12252
4
28
25
5
16486
1018
2597
5
42
4
17
6
1421
37
25
235
5
3102
end
pattern_len = 8; net_len = 20; 
6
135
3795823
89
6
477959
629883
110
126331
153
132
11
3575300
44
262045
146
210
102952
10
174
10
147
7
